{
 "left_eye" : [146.1737, 111.61419],
 "right_eye" : [102.85323, 112.78091],
 "nose" : [126.63377, 139.77002],
 "mouth_left" : [145.88489, 154.85573],
 "mouth_right" : [104.19031, 156.22226],
 "facial_area" : [75, 57, 169, 194]
}