{
 "left_eye" : [146.28094, 111.27282],
 "right_eye" : [108.383156, 112.922874],
 "nose" : [120.07406, 134.94894],
 "mouth_left" : [145.72601, 156.63045],
 "mouth_right" : [112.790344, 158.17409],
 "facial_area" : [93, 62, 181, 190]
}