{
 "left_eye" : [145.29932, 109.82886],
 "right_eye" : [101.47911, 112.023796],
 "nose" : [125.477325, 141.2121],
 "mouth_left" : [144.6735, 154.50249],
 "mouth_right" : [105.52485, 156.67845],
 "facial_area" : [75, 56, 169, 190]
}