{
 "left_eye" : [145.65727, 110.62234],
 "right_eye" : [102.581985, 113.06207],
 "nose" : [130.32553, 138.40483],
 "mouth_left" : [143.48154, 158.215],
 "mouth_right" : [108.26486, 160.79076],
 "facial_area" : [71, 59, 164, 193]
}